study_i,group_i,mean_i,sd_i,ytmp,ytmpmean,ytmpsd,y,arm
1,0,114,25,-0.474603290530546,0.149461319715805,1.10277751245976,99.8524361624321,1000
1,0,114,25,-0.796296399235453,0.149461319715805,1.10277751245976,92.5596435304132,1000
1,0,114,25,0.713625046780657,0.149461319715805,1.10277751245976,126.789608980294,1000
1,0,114,25,0.562206267753769,0.149461319715805,1.10277751245976,123.356940619811,1000
1,0,114,25,1.7217047206112,0.149461319715805,1.10277751245976,149.642806076733,1000
1,0,114,25,1.22205923229878,0.149461319715805,1.10277751245976,138.315827545996,1000
1,0,114,25,-0.103979270270095,0.149461319715805,1.10277751245976,108.254494058811,1000
1,0,114,25,-0.763818396770764,0.149461319715805,1.10277751245976,93.2959208415149,1000
1,0,114,25,1.3818422991062,0.149461319715805,1.10277751245976,141.938114566771,1000
1,0,114,25,1.02166590044039,0.149461319715805,1.10277751245976,133.772904572091,1000
1,0,114,25,-0.998383810100741,0.149461319715805,1.10277751245976,87.9783157335095,1000
1,0,114,25,0.19368043672672,0.149461319715805,1.10277751245976,115.002448737649,1000
1,0,114,25,-1.39236991509594,0.149461319715805,1.10277751245976,79.0466386603073,1000
1,0,114,25,-0.00334319511920129,0.149461319715805,1.10277751245976,110.535916966284,1000
1,0,114,25,-1.36329495883286,0.149461319715805,1.10277751245976,79.7057688097383,1000
1,0,114,25,1.29438624611134,0.149461319715805,1.10277751245976,139.955483165452,1000
1,0,114,25,-1.89466311964931,0.149461319715805,1.10277751245976,67.6596363212541,1000
1,0,114,25,0.920985286911401,0.149461319715805,1.10277751245976,131.490471978221,1000
1,0,114,25,-1.26067749626697,0.149461319715805,1.10277751245976,82.0321098306258,1000
1,0,114,25,-0.173305631959044,0.149461319715805,1.10277751245976,106.682863314947,1000
1,0,114,25,2.170895351786,0.149461319715805,1.10277751245976,159.825971450065,1000
1,0,114,25,0.504259499281411,0.149461319715805,1.10277751245976,122.043285602873,1000
1,0,114,25,-1.00072665742825,0.149461319715805,1.10277751245976,87.9252033128028,1000
1,0,114,25,0.436454249987418,0.149461319715805,1.10277751245976,120.506138523615,1000
1,0,114,25,0.420527146673487,0.149461319715805,1.10277751245976,120.145070603432,1000
1,0,114,25,1.54716476940133,0.149461319715805,1.10277751245976,145.685980034357,1000
1,1,100,39,-0.459454424268833,-0.387937766097438,0.617953857947903,95.4864758382663,1001
1,1,100,39,0.817185656860072,-0.387937766097438,0.617953857947903,176.057156842453,1001
1,1,100,39,-0.546697891105812,-0.387937766097438,0.617953857947903,89.9804090617902,1001
1,1,100,39,-0.303151455886701,-0.387937766097438,0.617953857947903,105.350991915803,1001
1,1,100,39,-1.70659166463373,-0.387937766097438,0.617953857947903,16.7777636121644,1001
1,1,100,39,-1.35783748239936,-0.387937766097438,0.617953857947903,38.7881660592142,1001
1,1,100,39,-0.530881565767347,-0.387937766097438,0.617953857947903,90.9786012087711,1001
1,1,100,39,0.108644831243247,-0.387937766097438,0.617953857947903,131.34007668566,1001
1,1,100,39,-0.122718268978348,-0.387937766097438,0.617953857947903,116.738402478776,1001
1,1,100,39,-0.741322364504118,-0.387937766097438,0.617953857947903,77.6973650045204,1001
1,1,100,39,-0.284762723276359,-0.387937766097438,0.617953857947903,106.511532565529,1001
1,1,100,39,-0.173216896379888,-0.387937766097438,0.617953857947903,113.551357939237,1001
1,1,100,39,0.674795678954613,-0.387937766097438,0.617953857947903,167.070710578077,1001
1,1,100,39,-0.993467624421079,-0.387937766097438,0.617953857947903,61.7840973547042,1001
1,1,100,39,-0.931380459132722,-0.387937766097438,0.617953857947903,65.7025119986177,1001
1,1,100,39,-0.461904062870167,-0.387937766097438,0.617953857947903,95.3318754514845,1001
1,1,100,39,0.410131339341368,-0.387937766097438,0.617953857947903,150.367344926808,1001
1,1,100,39,-0.0979734282752203,-0.387937766097438,0.617953857947903,118.300086696796,1001
1,1,100,39,-0.460573118174696,-0.387937766097438,0.617953857947903,95.4158733786044,1001
1,1,100,39,-0.597579398273676,-0.387937766097438,0.617953857947903,86.7692004027224,1001
2,0,89,32,0.949611073056971,-0.0299439835149126,0.938308012313621,122.406686715815,2000
2,0,89,32,-0.704449665567735,-0.0299439835149126,0.938308012313621,65.9966987999288,2000
2,0,89,32,-0.0490926043883324,-0.0299439835149126,0.938308012313621,88.346956585782,2000
2,0,89,32,-0.416376745441839,-0.0299439835149126,0.938308012313621,75.821120336412,2000
2,0,89,32,2.21328394346072,-0.0299439835149126,0.938308012313621,165.502910261015,2000
2,0,89,32,-0.793064026916447,-0.0299439835149126,0.938308012313621,62.9745999518472,2000
2,0,89,32,0.412379526893455,-0.0299439835149126,0.938308012313621,104.084974387213,2000
2,0,89,32,0.662133254787649,-0.0299439835149126,0.938308012313621,112.602560497245,2000
2,0,89,32,0.492242332257239,-0.0299439835149126,0.938308012313621,106.808610696509,2000
2,0,89,32,-0.525965531599627,-0.0299439835149126,0.938308012313621,72.0837109665375,2000
2,0,89,32,0.0674234054725808,-0.0299439835149126,0.938308012313621,92.3206115760614,2000
2,0,89,32,-0.00222229620822267,-0.0299439835149126,0.938308012313621,89.9454187560722,2000
2,0,89,32,-0.506207065876504,-0.0299439835149126,0.938308012313621,72.7575524928194,2000
2,0,89,32,-0.753376506206196,-0.0299439835149126,0.938308012313621,64.3281007704073,2000
2,0,89,32,-0.156316505978833,-0.0299439835149126,0.938308012313621,84.6901990969104,2000
2,0,89,32,-0.363059810944599,-0.0299439835149126,0.938308012313621,77.6394378627697,2000
2,0,89,32,-2.24254186337945,-0.0299439835149126,0.938308012313621,13.5416950228494,2000
2,0,89,32,0.0729227235968503,-0.0299439835149126,0.938308012313621,92.508159990513,2000
2,0,89,32,-0.466402192933446,-0.0299439835149126,0.938308012313621,74.1150554848669,2000
2,0,89,32,1.51019888561751,-0.0299439835149126,0.938308012313621,141.524939748425,2000
2,1,90,33,-1.33714549045473,0.0104836911060421,1.0570006508692,47.9264563792511,2001
2,1,90,33,-0.0803769746336584,0.0104836911060421,1.0570006508692,87.1632922203554,2001
2,1,90,33,-1.67617481866848,0.0104836911060421,1.0570006508692,37.3418197266118,2001
2,1,90,33,-0.369191492905627,0.0104836911060421,1.0570006508692,78.1463828219199,2001
2,1,90,33,-0.584370171390058,0.0104836911060421,1.0570006508692,71.428414971903,2001
2,1,90,33,0.148476976876942,0.0104836911060421,1.0570006508692,94.3082077827435,2001
2,1,90,33,0.571095904224333,0.0104836911060421,1.0570006508692,107.502546491046,2001
2,1,90,33,1.69023162299562,0.0104836911060421,1.0570006508692,142.442429157232,2001
2,1,90,33,-1.61657508991145,0.0104836911060421,1.0570006508692,39.202548050066,2001
2,1,90,33,-0.146885686654882,0.0104836911060421,1.0570006508692,85.0868625654677,2001
2,1,90,33,-0.658681779009009,0.0104836911060421,1.0570006508692,69.1083756706889,2001
2,1,90,33,-1.25947208749943,0.0104836911060421,1.0570006508692,50.3514523292698,2001
2,1,90,33,0.162718936469727,0.0104836911060421,1.0570006508692,94.7528476854488,2001
2,1,90,33,0.319676561582311,0.0104836911060421,1.0570006508692,99.6531300310235,2001
2,1,90,33,2.31450746709784,0.0104836911060421,1.0570006508692,161.932580689714,2001
2,1,90,33,-0.900711031247611,0.0104836911060421,1.0570006508692,61.5521217390514,2001
2,1,90,33,-1.025405361251,0.0104836911060421,1.0570006508692,57.6591128873275,2001
2,1,90,33,0.370856397125634,0.0104836911060421,1.0570006508692,101.250985785928,2001
2,1,90,33,0.800734948487711,0.0104836911060421,1.0570006508692,114.67197297575,2001
2,1,90,33,1.22201905229566,0.0104836911060421,1.0570006508692,127.824637937905,2001
2,1,90,33,-0.599710479792164,0.0104836911060421,1.0570006508692,70.9494841624913,2001
2,1,90,33,0.0556150929734546,0.0104836911060421,1.0570006508692,91.4090211395801,2001
2,1,90,33,1.07421316147382,0.0104836911060421,1.0570006508692,123.210076543728,2001
2,1,90,33,0.218474851639439,0.0104836911060421,1.0570006508692,96.4935705497985,2001
2,1,90,33,1.92099991800811,0.0104836911060421,1.0570006508692,149.647111320057,2001
2,1,90,33,-0.342344459075405,0.0104836911060421,1.0570006508692,78.9845583856424,2001
3,0,63,30,0.144149561046318,0.0531553987536163,0.883579707296759,66.0895060697271,3000
3,0,63,30,0.500278873980409,0.0531553987536163,0.883579707296759,78.1810913560271,3000
3,0,63,30,1.52863330999803,0.0531553987536163,0.883579707296759,113.096597932014,3000
3,0,63,30,0.00764254907364133,0.0531553987536163,0.883579707296759,61.4547115793588,3000
3,0,63,30,1.42645241448678,0.0531553987536163,0.883579707296759,109.627271011055,3000
3,0,63,30,0.32791472490906,0.0531553987536163,0.883579707296759,72.3288468675694,3000
3,0,63,30,-1.0130381499927,0.0531553987536163,0.883579707296759,26.799749815161,3000
3,0,63,30,-0.227213945276615,0.0531553987536163,0.883579707296759,53.4806773498228,3000
3,0,63,30,-0.0945468755934115,0.0531553987536163,0.883579707296759,57.985095069728,3000
3,0,63,30,-0.227592144629916,0.0531553987536163,0.883579707296759,53.467836424997,3000
3,0,63,30,0.15844543861565,0.0531553987536163,0.883579707296759,66.5748910593757,3000
3,0,63,30,0.967706466140382,0.0531553987536163,0.883579707296759,94.0515642165921,3000
3,0,63,30,-1.70042843011313,0.0531553987536163,0.883579707296759,3.46092906892243,3000
3,0,63,30,-0.0441399072644964,0.0531553987536163,0.883579707296759,59.6965524938623,3000
3,0,63,30,1.27797567593442,0.0531553987536163,0.883579707296759,104.58607085697,3000
3,0,63,30,-0.355372088122239,0.0531553987536163,0.883579707296759,49.1293502950952,3000
3,0,63,30,0.315404530417119,0.0531553987536163,0.883579707296759,71.9040908080325,3000
3,0,63,30,-0.134769097865631,0.0531553987536163,0.883579707296759,56.6194382328838,3000
3,0,63,30,-0.597010835597426,0.0531553987536163,0.883579707296759,40.9250396206979,3000
3,0,63,30,0.0274318221150685,0.0531553987536163,0.883579707296759,62.1266126951722,3000
3,0,63,30,0.924226566289233,0.0531553987536163,0.883579707296759,92.5753001231973,3000
3,0,63,30,-0.594915989543427,0.0531553987536163,0.883579707296759,40.9961654977422,3000
3,0,63,30,1.40174578260272,0.0531553987536163,0.883579707296759,108.788411822234,3000
3,0,63,30,0.559306161109819,0.0531553987536163,0.883579707296759,80.1852326907121,3000
3,0,63,30,1.51832882177522,0.0531553987536163,0.883579707296759,112.746731763596,3000
3,0,63,30,-2.03700770972613,0.0531553987536163,0.883579707296759,-7.96687795856339,3000
3,0,63,30,-0.948925167327806,0.0531553987536163,0.883579707296759,28.9765647239498,3000
3,0,63,30,-1.45135221912555,0.0531553987536163,0.883579707296759,11.9177624116531,3000
3,0,63,30,0.371290651806043,0.0531553987536163,0.883579707296759,73.8015807886445,3000
3,0,63,30,1.66205216376382,0.0531553987536163,0.883579707296759,117.626540822191,3000
3,0,63,30,1.31397789144373,0.0531553987536163,0.883579707296759,105.808446672485,3000
3,0,63,30,0.0123546772742129,0.0531553987536163,0.883579707296759,61.614701498604,3000
3,0,63,30,0.271673473793688,0.0531553987536163,0.883579707296759,70.4192992404254,3000
3,0,63,30,0.750613956418152,0.0531553987536163,0.883579707296759,86.6806669020847,3000
3,0,63,30,0.744222893221132,0.0531553987536163,0.883579707296759,86.463672448356,3000
3,0,63,30,0.614474274706773,0.0531553987536163,0.883579707296759,82.0583443004978,3000
3,0,63,30,-0.147306534960455,0.0531553987536163,0.883579707296759,56.1937572108565,3000
3,0,63,30,0.345268538566126,0.0531553987536163,0.883579707296759,72.9180573320161,3000
3,0,63,30,-0.562005837012769,0.0531553987536163,0.883579707296759,42.1135571351535,3000
3,0,63,30,1.45481583582379,0.0531553987536163,0.883579707296759,110.590288419766,3000
3,0,63,30,-0.289729039766738,0.0531553987536163,0.883579707296759,51.3581152094569,3000
3,0,63,30,-0.622288458662976,0.0531553987536163,0.883579707296759,40.0667936857765,3000
3,0,63,30,0.709449972636047,0.0531553987536163,0.883579707296759,85.2830346304685,3000
3,0,63,30,-0.0723605240471332,0.0531553987536163,0.883579707296759,58.7383836988033,3000
3,0,63,30,-0.601594256848947,0.0531553987536163,0.883579707296759,40.7694196620116,3000
3,0,63,30,-0.99590458194295,0.0531553987536163,0.883579707296759,27.3814823258193,3000
3,0,63,30,-0.207570122661826,0.0531553987536163,0.883579707296759,54.147640017228,3000
3,0,63,30,0.467606413422626,0.0531553987536163,0.883579707296759,77.0717700252642,3000
3,0,63,30,-1.33534309897993,0.0531553987536163,0.883579707296759,15.8565961983823,3000
3,0,63,30,-0.764624399147936,0.0531553987536163,0.883579707296759,35.2340907849678,3000
3,0,63,30,0.314565436361545,0.0531553987536163,0.883579707296759,71.8756012202122,3000
3,0,63,30,-0.769874792654505,0.0531553987536163,0.883579707296759,35.0558252545393,3000
3,0,63,30,1.29610148559869,0.0531553987536163,0.883579707296759,105.201492743007,3000
3,0,63,30,0.525508692720819,0.0531553987536163,0.883579707296759,79.0377142005331,3000
3,0,63,30,0.989353806815445,0.0531553987536163,0.883579707296759,94.7865519204618,3000
3,0,63,30,-0.491734420640497,0.0531553987536163,0.883579707296759,44.4994680764741,3000
3,0,63,30,-0.00766717796934091,0.0531553987536163,0.883579707296759,60.9349035671369,3000
3,0,63,30,1.82287876721175,0.0531553987536163,0.883579707296759,123.087053398016,3000
3,0,63,30,-0.895063334534159,0.0531553987536163,0.883579707296759,30.805324450396,3000
3,0,63,30,0.822795387748888,0.0531553987536163,0.883579707296759,89.1314281882929,3000
3,0,63,30,-0.750817305870249,0.0531553987536163,0.883579707296759,35.7028801821325,3000
3,0,63,30,-0.265387136320762,0.0531553987536163,0.883579707296759,52.1845908486649,3000
3,0,63,30,1.57416786379313,0.0531553987536163,0.883579707296759,114.64262326801,3000
3,0,63,30,1.78556584324623,0.0531553987536163,0.883579707296759,121.820175367974,3000
3,0,63,30,1.4378735081683,0.0531553987536163,0.883579707296759,110.015049054865,3000
3,0,63,30,-0.331095252116789,0.0531553987536163,0.883579707296759,49.953616712883,3000
3,0,63,30,1.80186292403882,0.0531553987536163,0.883579707296759,122.373506798902,3000
3,0,63,30,-0.118551656075471,0.0531553987536163,0.883579707296759,57.1700656971488,3000
3,0,63,30,1.03962619126883,0.0531553987536163,0.883579707296759,96.4934398459618,3000
3,0,63,30,0.875767767240489,0.0531553987536163,0.883579707296759,90.9299884897851,3000
3,0,63,30,1.11191716135865,0.0531553987536163,0.883579707296759,98.9479202791186,3000
3,0,63,30,0.430985229409782,0.0531553987536163,0.883579707296759,75.8283784995053,3000
3,0,63,30,-1.5087642241313,0.0531553987536163,0.883579707296759,9.96846441855891,3000
3,0,63,30,0.544922749627621,0.0531553987536163,0.883579707296759,79.6968756801306,3000
3,0,63,30,-0.189613405992327,0.0531553987536163,0.883579707296759,54.7573207236048,3000
3,0,63,30,-0.157622274105393,0.0531553987536163,0.883579707296759,55.8435090421938,3000
3,0,63,30,-1.44427863087593,0.0531553987536163,0.883579707296759,12.157930498059,3000
3,0,63,30,0.437250647976717,0.0531553987536163,0.883579707296759,76.0411069669609,3000
3,0,63,30,-0.468766878267633,0.0531553987536163,0.883579707296759,45.2792803169497,3000
3,0,63,30,0.12343432284219,0.0531553987536163,0.883579707296759,65.3861658492674,3000
3,0,63,30,-0.722167212216438,0.0531553987536163,0.883579707296759,36.675630917031,3000
3,0,63,30,1.43227319391771,0.0531553987536163,0.883579707296759,109.824902737413,3000
3,0,63,30,1.1403261242919,0.0531553987536163,0.883579707296759,99.9124839522761,3000
3,0,63,30,0.812277558949809,0.0531553987536163,0.883579707296759,88.7743185111844,3000
3,0,63,30,0.783910649819674,0.0531553987536163,0.883579707296759,87.8111826821514,3000
3,0,63,30,-0.312821991125627,0.0531553987536163,0.883579707296759,50.5740449834824,3000
3,0,63,30,-0.550169089437478,0.0531553987536163,0.883579707296759,42.5154477900953,3000
3,0,63,30,-1.0584966810301,0.0531553987536163,0.883579707296759,25.2563056642148,3000
3,0,63,30,-1.06175370237509,0.0531553987536163,0.883579707296759,25.1457206886401,3000
3,0,63,30,-1.09741281953678,0.0531553987536163,0.883579707296759,23.9349940207274,3000
3,0,63,30,0.387443211552529,0.0531553987536163,0.883579707296759,74.3500053262305,3000
3,0,63,30,-1.06476099907761,0.0531553987536163,0.883579707296759,25.0436145624689,3000
3,0,63,30,0.789872478786364,0.0531553987536163,0.883579707296759,88.0136034343752,3000
3,0,63,30,1.71672963099141,0.0531553987536163,0.883579707296759,119.482993616751,3000
3,0,63,30,-1.31410535221364,0.0531553987536163,0.883579707296759,16.5776770445438,3000
3,0,63,30,-1.23617429269603,0.0531553987536163,0.883579707296759,19.2236542735603,3000
3,0,63,30,1.56984504993619,0.0531553987536163,0.883579707296759,114.495851658571,3000
3,0,63,30,-0.489333051836819,0.0531553987536163,0.883579707296759,44.5810012573692,3000
3,0,63,30,-0.646704965491294,0.0531553987536163,0.883579707296759,39.237785053278,3000
3,0,63,30,1.07687018812021,0.0531553987536163,0.883579707296759,97.7579776078797,3000
3,0,63,30,0.93654563251635,0.0531553987536163,0.883579707296759,92.9935668440845,3000
3,0,63,30,1.87979808624181,0.0531553987536163,0.883579707296759,125.019623325551,3000
3,0,63,30,-1.07525523330242,0.0531553987536163,0.883579707296759,24.6873059870856,3000
3,0,63,30,0.986050394331854,0.0531553987536163,0.883579707296759,94.6743918361034,3000
3,0,63,30,-0.279125246747012,0.0531553987536163,0.883579707296759,51.7181436120614,3000
3,0,63,30,0.119089631328124,0.0531553987536163,0.883579707296759,65.2386514322368,3000
3,0,63,30,0.896150250994108,0.0531553987536163,0.883579707296759,91.6220307668529,3000
3,0,63,30,1.15911838235235,0.0531553987536163,0.883579707296759,100.550533623582,3000
3,0,63,30,-0.380248271426646,0.0531553987536163,0.883579707296759,48.2847343617852,3000
3,0,63,30,0.750300961279428,0.0531553987536163,0.883579707296759,86.6700398425403,3000
3,0,63,30,-0.0354944260076217,0.0531553987536163,0.883579707296759,59.9900907401171,3000
3,0,63,30,-0.15088209088454,0.0531553987536163,0.883579707296759,56.0723570962582,3000
3,0,63,30,-0.960748982513685,0.0531553987536163,0.883579707296759,28.5751131597648,3000
3,0,63,30,0.154280138036917,0.0531553987536163,0.883579707296759,66.4334674658617,3000
3,0,63,30,-1.15982951600934,0.0531553987536163,0.883579707296759,21.8157727680056,3000
3,0,63,30,0.944477044589919,0.0531553987536163,0.883579707296759,93.2628604462826,3000
3,0,63,30,-0.29154355800897,0.0531553987536163,0.883579707296759,51.2965072449265,3000
3,0,63,30,-1.87546928876047,0.0531553987536163,0.883579707296759,-2.48219718901962,3000
3,0,63,30,0.347937835030301,0.0531553987536163,0.883579707296759,73.0086874056404,3000
3,0,63,30,-0.880219223827276,0.0531553987536163,0.883579707296759,31.3093234869616,3000
3,0,63,30,0.219869073568115,0.0531553987536163,0.883579707296759,68.6603950986339,3000
3,0,63,30,0.261395281546021,0.0531553987536163,0.883579707296759,70.0703258938403,3000
3,0,63,30,-1.3979277755379,0.0531553987536163,0.883579707296759,13.7316715523835,3000
3,0,63,30,-0.100053945137582,0.0531553987536163,0.883579707296759,57.7981146706075,3000
3,0,63,30,-0.617288091931536,0.0531553987536163,0.883579707296759,40.2365701085535,3000
3,0,63,30,-1.65950821276855,0.0531553987536163,0.883579707296759,4.85028478884194,3000
3,0,63,30,0.286351403432351,0.0531553987536163,0.883579707296759,70.9176559653745,3000
3,0,63,30,-0.0704299466355874,0.0531553987536163,0.883579707296759,58.8039321964296,3000
3,0,63,30,1.12450311359228,0.0531553987536163,0.883579707296759,99.3752485256716,3000
3,0,63,30,-0.0158848849549589,0.0531553987536163,0.883579707296759,60.655889452697,3000
3,0,63,30,-0.57029977863605,0.0531553987536163,0.883579707296759,41.8319546417467,3000
3,0,63,30,-0.079557739070988,0.0531553987536163,0.883579707296759,58.4940181379687,3000
3,0,63,30,-0.610342763042595,0.0531553987536163,0.883579707296759,40.4723834312765,3000
3,0,63,30,-0.683981003219169,0.0531553987536163,0.883579707296759,37.9721594140727,3000
3,0,63,30,-1.22733011010594,0.0531553987536163,0.883579707296759,19.5239389852976,3000
3,0,63,30,-0.463369728752861,0.0531553987536163,0.883579707296759,45.4625286239288,3000
3,0,63,30,-0.972806454752479,0.0531553987536163,0.883579707296759,28.1657282857386,3000
3,0,63,30,0.205983024047414,0.0531553987536163,0.883579707296759,68.1889249163959,3000
3,0,63,30,0.722129548393841,0.0531553987536163,0.883579707296759,85.7135416572738,3000
3,0,63,30,-0.490788125435097,0.0531553987536163,0.883579707296759,44.5315974428771,3000
3,0,63,30,-0.966745082512048,0.0531553987536163,0.883579707296759,28.3715288102541,3000
3,0,63,30,0.720815651042419,0.0531553987536163,0.883579707296759,85.6689311708433,3000
3,0,63,30,-1.93739458035918,0.0531553987536163,0.883579707296759,-4.58473387316891,3000
3,0,63,30,-0.818183852983229,0.0531553987536163,0.883579707296759,33.4155976690783,3000
3,0,63,30,-0.223906097004731,0.0531553987536163,0.883579707296759,53.5929880415884,3000
3,0,63,30,1.05672799751044,0.0531553987536163,0.883579707296759,97.0740939544835,3000
3,0,63,30,0.720278005352418,0.0531553987536163,0.883579707296759,85.6506765973545,3000
3,0,63,30,-0.8766465895913,0.0531553987536163,0.883579707296759,31.4306244020846,3000
3,0,63,30,0.108812628724413,0.0531553987536163,0.883579707296759,64.8897184773882,3000
3,0,63,30,0.0499768385092138,0.0531553987536163,0.883579707296759,62.8920789980297,3000
3,0,63,30,-0.172213036103446,0.0531553987536163,0.883579707296759,55.3481119022111,3000
3,0,63,30,0.815803637301969,0.0531553987536163,0.883579707296759,88.8940387239634,3000
3,0,63,30,0.929098572959275,0.0531553987536163,0.883579707296759,92.7407183632206,3000
3,0,63,30,0.160519632229575,0.0531553987536163,0.883579707296759,66.6453157283715,3000
3,0,63,30,0.985944065783089,0.0531553987536163,0.883579707296759,94.6707816847649,3000
3,0,63,30,-1.45067111631872,0.0531553987536163,0.883579707296759,11.9408877551124,3000
3,0,63,30,0.624361177672979,0.0531553987536163,0.883579707296759,82.3940322826195,3000
3,0,63,30,0.659860349281209,0.0531553987536163,0.883579707296759,83.5993283520654,3000
3,0,63,30,0.556137271719348,0.0531553987536163,0.883579707296759,80.0776400412555,3000
3,0,63,30,-0.851735749437964,0.0531553987536163,0.883579707296759,32.2764170322555,3000
3,0,63,30,0.710930507570222,0.0531553987536163,0.883579707296759,85.3333029284596,3000
3,0,63,30,0.562422183933429,0.0531553987536163,0.883579707296759,80.2910303725016,3000
3,0,63,30,-1.22879524805457,0.0531553987536163,0.883579707296759,19.4741934579888,3000
3,0,63,30,0.250271003615011,0.0531553987536163,0.883579707296759,69.692625574136,3000
3,0,63,30,0.188170402746363,0.0531553987536163,0.883579707296759,67.5841366504154,3000
3,0,63,30,-0.624367592348342,0.0531553987536163,0.883579707296759,39.9962012875516,3000
3,0,63,30,0.307626095922076,0.0531553987536163,0.883579707296759,71.639991222082,3000
3,0,63,30,-0.0249643444714106,0.0531553987536163,0.883579707296759,60.3476164318884,3000
3,0,63,30,-2.36191317369956,0.0531553987536163,0.883579707296759,-18.9983263255972,3000
3,0,63,30,1.0187652624978,0.0531553987536163,0.883579707296759,95.7851530236607,3000
3,0,63,30,-0.236834642709851,0.0531553987536163,0.883579707296759,53.1540277893886,3000
3,0,63,30,-0.944502984625379,0.0531553987536163,0.883579707296759,29.1267101833546,3000
3,0,63,30,-0.561238842964162,0.0531553987536163,0.883579707296759,42.1395987262722,3000
3,0,63,30,-1.08980566771757,0.0531553987536163,0.883579707296759,24.1932780812278,3000
3,0,63,30,0.220265104837589,0.0531553987536163,0.883579707296759,68.6738414668405,3000
3,0,63,30,-1.82625031722531,0.0531553987536163,0.883579707296759,-0.811075575586173,3000
3,0,63,30,-0.0634074985758427,0.0531553987536163,0.883579707296759,59.0423639304911,3000
3,0,63,30,-0.277014064436432,0.0531553987536163,0.883579707296759,51.7898241506641,3000
3,0,63,30,0.0846302635588618,0.0531553987536163,0.883579707296759,64.0686596085895,3000
3,0,63,30,1.70851505404033,0.0531553987536163,0.883579707296759,119.20408577573,3000
3,0,63,30,1.37495013640649,0.0531553987536163,0.883579707296759,107.878624760299,3000
3,0,63,30,-0.677489705453058,0.0531553987536163,0.883579707296759,38.1925571115019,3000
3,0,63,30,0.399067115200834,0.0531553987536163,0.883579707296759,74.7446693351132,3000
3,0,63,30,-0.428864572648965,0.0531553987536163,0.883579707296759,46.6340750894806,3000
3,0,63,30,-0.489275689527804,0.0531553987536163,0.883579707296759,44.5829488680446,3000
3,0,63,30,-0.235864719938256,0.0531553987536163,0.883579707296759,53.1869593776851,3000
3,0,63,30,0.247965934899605,0.0531553987536163,0.883579707296759,69.6143620503235,3000
3,0,63,30,1.16491008256299,0.0531553987536163,0.883579707296759,100.747178029157,3000
3,0,63,30,0.255534984899017,0.0531553987536163,0.883579707296759,69.8713524475759,3000
3,0,63,30,0.194126439175247,0.0531553987536163,0.883579707296759,67.7863607297949,3000
3,0,63,30,0.096531382950064,0.0531553987536163,0.883579707296759,64.472735866552,3000
3,0,63,30,-0.0723925741136563,0.0531553987536163,0.883579707296759,58.7372955094891,3000
3,0,63,30,-0.117227121001532,0.0531553987536163,0.883579707296759,57.2150373639831,3000
3,0,63,30,-0.393536915441566,0.0531553987536163,0.883579707296759,47.8335477657652,3000
3,0,63,30,-0.316824587764167,0.0531553987536163,0.883579707296759,50.4381456433725,3000
3,0,63,30,1.58411111287933,0.0531553987536163,0.883579707296759,114.980224358351,3000
3,0,63,30,-0.538363617813566,0.0531553987536163,0.883579707296759,42.9162765390951,3000
3,0,63,30,0.494954768572126,0.0531553987536163,0.883579707296759,78.0003231005664,3000
3,0,63,30,-0.702066820668926,0.0531553987536163,0.883579707296759,37.358095375467,3000
3,0,63,30,0.735636045574017,0.0531553987536163,0.883579707296759,86.1721249769892,3000
3,0,63,30,-1.81528610447409,0.0531553987536163,0.883579707296759,-0.438809915996686,3000
3,0,63,30,0.375197782209755,0.0531553987536163,0.883579707296759,73.9342387833261,3000
3,0,63,30,-1.64292694201834,0.0531553987536163,0.883579707296759,5.41326526292744,3000
3,0,63,30,-0.282924098058086,0.0531553987536163,0.883579707296759,51.589161995133,3000
3,0,63,30,1.57817322001827,0.0531553987536163,0.883579707296759,114.778616303796,3000
3,0,63,30,-0.561000605446314,0.0531553987536163,0.883579707296759,42.1476875556969,3000
3,0,63,30,1.0497692009762,0.0531553987536163,0.883579707296759,96.8378233675708,3000
3,0,63,30,-0.359364811014132,0.0531553987536163,0.883579707296759,48.9937861962735,3000
3,0,63,30,-0.567557370580631,0.0531553987536163,0.883579707296759,41.9250670581853,3000
3,0,63,30,-0.33240873777838,0.0531553987536163,0.883579707296759,49.9090202044726,3000
3,0,63,30,0.857354461487748,0.0531553987536163,0.883579707296759,90.3048053082109,3000
3,0,63,30,1.33572610955044,0.0531553987536163,0.883579707296759,106.546859447035,3000
3,0,63,30,-0.857645133934682,0.0531553987536163,0.883579707296759,32.0757769163299,3000
3,0,63,30,-0.359123203350069,0.0531553987536163,0.883579707296759,49.0019894515792,3000
3,0,63,30,-0.2135405394359,0.0531553987536163,0.883579707296759,53.944927684947,3000
3,0,63,30,-1.01671572610319,0.0531553987536163,0.883579707296759,26.6748858301651,3000
3,0,63,30,0.757264812348871,0.0531553987536163,0.883579707296759,86.9064820450468,3000
3,0,63,30,0.800393452397652,0.0531553987536163,0.883579707296759,88.3708198866455,3000
3,0,63,30,1.88346540930751,0.0531553987536163,0.883579707296759,125.144139191027,3000
3,0,63,30,1.45254138444515,0.0531553987536163,0.883579707296759,110.513064440089,3000
3,0,63,30,1.71372841727395,0.0531553987536163,0.883579707296759,119.38109402492,3000
3,0,63,30,-1.37420548965979,0.0531553987536163,0.883579707296759,14.5371094438,3000
3,0,63,30,0.342724172758608,0.0531553987536163,0.883579707296759,72.8316690032721,3000
3,0,63,30,-0.479403406265489,0.0531553987536163,0.883579707296759,44.9181404703682,3000
3,0,63,30,-0.275298196300629,0.0531553987536163,0.883579707296759,51.8480826684288,3000
3,0,63,30,-0.2565733344674,0.0531553987536163,0.883579707296759,52.4838440494993,3000
3,0,63,30,-0.361862230901428,0.0531553987536163,0.883579707296759,48.9089918126994,3000
3,0,63,30,2.34233431200107,0.0531553987536163,0.883579707296759,140.724020629141,3000
3,0,63,30,-0.700823101022876,0.0531553987536163,0.883579707296759,37.4003231327066,3000
3,0,63,30,-0.0467096537347688,0.0531553987536163,0.883579707296759,59.6093024206979,3000
3,0,63,30,1.876316104046,0.0531553987536163,0.883579707296759,124.901400300496,3000
3,0,63,30,1.17309032676412,0.0531553987536163,0.883579707296759,101.024920177383,3000
3,0,63,30,-0.194429471023738,0.0531553987536163,0.883579707296759,54.5938018585277,3000
3,0,63,30,-0.267447015053128,0.0531553987536163,0.883579707296759,52.1146522098974,3000
3,0,63,30,-0.850971543409399,0.0531553987536163,0.883579707296759,32.3023639623033,3000
3,0,63,30,-0.242548440529425,0.0531553987536163,0.883579707296759,52.960028387669,3000
3,0,63,30,-0.385968614113516,0.0531553987536163,0.883579707296759,48.0905127435329,3000
3,0,63,30,-0.307671276452601,0.0531553987536163,0.883579707296759,50.7489261389851,3000
3,0,63,30,-0.126843566169112,0.0531553987536163,0.883579707296759,56.8885321798498,3000
3,0,63,30,1.8282486394114,0.0531553987536163,0.883579707296759,123.269375563928,3000
3,0,63,30,0.0607092249897638,0.0531553987536163,0.883579707296759,63.2564735079507,3000
3,0,63,30,0.466176766217444,0.0531553987536163,0.883579707296759,77.0232295078652,3000
3,0,63,30,1.50120106988269,0.0531553987536163,0.883579707296759,112.165196727727,3000
3,0,63,30,-1.09452968682716,0.0531553987536163,0.883579707296759,24.0328844323952,3000
3,0,63,30,0.256162051406041,0.0531553987536163,0.883579707296759,69.8926431076662,3000
3,0,63,30,0.303425728116638,0.0531553987536163,0.883579707296759,71.4973769982349,3000
3,0,63,30,-0.157974875216278,0.0531553987536163,0.883579707296759,55.8315372492257,3000
3,0,63,30,0.907876948719791,0.0531553987536163,0.883579707296759,92.0201849218944,3000
3,0,63,30,0.745637158015648,0.0531553987536163,0.883579707296759,86.5116906899307,3000
3,0,63,30,0.0167690695280587,0.0531553987536163,0.883579707296759,61.764582450511,3000
3,0,63,30,1.19921844589113,0.0531553987536163,0.883579707296759,101.912042830085,3000
3,0,63,30,0.101210949006223,0.0531553987536163,0.883579707296759,64.6316202100078,3000
3,0,63,30,-1.98398210969005,0.0531553987536163,0.883579707296759,-6.16651067087516,3000
3,0,63,30,0.566023183158725,0.0531553987536163,0.883579707296759,80.4132943582709,3000
3,0,63,30,0.354467859535654,0.0531553987536163,0.883579707296759,73.2303999840788,3000
3,0,63,30,0.457541648239387,0.0531553987536163,0.883579707296759,76.7300431238838,3000
3,0,63,30,-1.08921575305182,0.0531553987536163,0.883579707296759,24.2133073324953,3000
3,0,63,30,0.287576967508338,0.0531553987536163,0.883579707296759,70.9592672902793,3000
3,0,63,30,-0.82492694248659,0.0531553987536163,0.883579707296759,33.186650938602,3000
3,0,63,30,-0.0844569765672989,0.0531553987536163,0.883579707296759,58.3276753353041,3000
3,0,63,30,0.985423725352723,0.0531553987536163,0.883579707296759,94.6531146731959,3000
3,0,63,30,0.112404643660917,0.0531553987536163,0.883579707296759,65.0116774214486,3000
3,0,63,30,-1.40876771637028,0.0531553987536163,0.883579707296759,13.363625271685,3000
3,0,63,30,-0.61903064364149,0.0531553987536163,0.883579707296759,40.177405608886,3000
3,0,63,30,-0.130189835689837,0.0531553987536163,0.883579707296759,56.7749169793278,3000
3,0,63,30,1.46857223024047,0.0531553987536163,0.883579707296759,111.057356448934,3000
3,0,63,30,-0.689443513623131,0.0531553987536163,0.883579707296759,37.7866919222714,3000
3,0,63,30,1.47213689279717,0.0531553987536163,0.883579707296759,111.178386703271,3000
3,0,63,30,0.595479587082139,0.0531553987536163,0.883579707296759,81.41342157985,3000
3,0,63,30,0.730420023945921,0.0531553987536163,0.883579707296759,85.9950264678783,3000
3,0,63,30,-0.348179470564617,0.0531553987536163,0.883579707296759,49.3735597591048,3000
3,0,63,30,0.444961101582025,0.0531553987536163,0.883579707296759,76.3028984117496,3000
3,0,63,30,-1.0373086471921,0.0531553987536163,0.883579707296759,25.9756986175507,3000
3,0,63,30,0.753075131203458,0.0531553987536163,0.883579707296759,86.7642306631687,3000
3,0,63,30,-0.0311255053292796,0.0531553987536163,0.883579707296759,60.1384278049771,3000
3,0,63,30,1.07683426758725,0.0531553987536163,0.883579707296759,97.756758005415,3000
3,0,63,30,-0.0684718020782174,0.0531553987536163,0.883579707296759,58.8704166756859,3000
3,0,63,30,0.0538563627672938,0.0531553987536163,0.883579707296759,63.0237996869288,3000
3,0,63,30,-0.712709155997234,0.0531553987536163,0.883579707296759,36.9967583537896,3000
3,0,63,30,0.375989629435215,0.0531553987536163,0.883579707296759,73.9611242092448,3000
3,0,63,30,-0.972573148113879,0.0531553987536163,0.883579707296759,28.1736496980348,3000
3,0,63,30,0.85386843608987,0.0531553987536163,0.883579707296759,90.1864450051474,3000
3,0,63,30,-0.132280016069744,0.0531553987536163,0.883579707296759,56.703949514956,3000
3,0,63,30,-0.946607209042418,0.0531553987536163,0.883579707296759,29.0552658846797,3000
3,0,63,30,0.430078053014729,0.0531553987536163,0.883579707296759,75.7975773260211,3000
3,0,63,30,-0.797571497519905,0.0531553987536163,0.883579707296759,34.1154447330083,3000
3,0,63,30,-0.123114865522512,0.0531553987536163,0.883579707296759,57.0151319857012,3000
3,0,63,30,-0.803388959376858,0.0531553987536163,0.883579707296759,33.917925647557,3000
3,0,63,30,-0.744399060770315,0.0531553987536163,0.883579707296759,35.9207975374179,3000
3,0,63,30,1.55871087982601,0.0531553987536163,0.883579707296759,114.117815471742,3000
3,0,63,30,0.304566808262498,0.0531553987536163,0.883579707296759,71.5361198576432,3000
3,0,63,30,1.13570740611573,0.0531553987536163,0.883579707296759,99.7556655643697,3000
3,0,63,30,-1.18356236545114,0.0531553987536163,0.883579707296759,21.0099762140851,3000
3,0,63,30,-0.194952381963946,0.0531553987536163,0.883579707296759,54.5760475709669,3000
3,0,63,30,0.889607859131893,0.0531553987536163,0.883579707296759,91.3998982820917,3000
3,0,63,30,-0.382064829682361,0.0531553987536163,0.883579707296759,48.2230571330967,3000
3,0,63,30,-0.779520375918306,0.0531553987536163,0.883579707296759,34.7283307506203,3000
3,0,63,30,0.283752625403327,0.0531553987536163,0.883579707296759,70.8294201896693,3000
3,0,63,30,-0.762516221972587,0.0531553987536163,0.883579707296759,35.3056692908323,3000
3,0,63,30,-0.125115416798028,0.0531553987536163,0.883579707296759,56.9472076798691,3000
3,0,63,30,-0.552945163328937,0.0531553987536163,0.883579707296759,42.4211923244524,3000
3,0,63,30,-1.3392606074462,0.0531553987536163,0.883579707296759,15.723585839478,3000
3,0,63,30,-1.0222518036728,0.0531553987536163,0.883579707296759,26.4869205275252,3000
3,0,63,30,0.805362436448653,0.0531553987536163,0.883579707296759,88.5395307797308,3000
3,0,63,30,-0.858410204305404,0.0531553987536163,0.883579707296759,32.0498006394506,3000
3,0,63,30,0.965748437446846,0.0531553987536163,0.883579707296759,93.9850836712367,3000
3,0,63,30,-0.219640412511309,0.0531553987536163,0.883579707296759,53.7378199495033,3000
3,0,63,30,-0.780947413465371,0.0531553987536163,0.883579707296759,34.6798788384064,3000
3,0,63,30,0.22825655436523,0.0531553987536163,0.883579707296759,68.9451735083637,3000
3,0,63,30,1.34277764658629,0.0531553987536163,0.883579707296759,106.786278833117,3000
3,0,63,30,-0.185945766436206,0.0531553987536163,0.883579707296759,54.8818473348149,3000
3,0,63,30,1.58764331623099,0.0531553987536163,0.883579707296759,115.100152531977,3000
3,0,63,30,-0.319595023112143,0.0531553987536163,0.883579707296759,50.3440816220364,3000
3,0,63,30,-0.0208659372731508,0.0531553987536163,0.883579707296759,60.4867688082189,3000
3,0,63,30,0.274658445796944,0.0531553987536163,0.883579707296759,70.520647380676,3000
3,0,63,30,0.441559565181332,0.0531553987536163,0.883579707296759,76.1874067462235,3000
3,0,63,30,-0.0734934641840463,0.0531553987536163,0.883579707296759,58.6999172154439,3000
3,0,63,30,-1.31152151861118,0.0531553987536163,0.883579707296759,16.6654054152089,3000
3,0,63,30,0.751025569503461,0.0531553987536163,0.883579707296759,86.6946423164783,3000
3,0,63,30,-1.34420917960752,0.0531553987536163,0.883579707296759,15.5555679870832,3000
3,0,63,30,-0.224872833806325,0.0531553987536163,0.883579707296759,53.5601646258758,3000
3,0,63,30,0.952838985347798,0.0531553987536163,0.883579707296759,93.5467717003152,3000
3,0,63,30,0.710788632037524,0.0531553987536163,0.883579707296759,85.3284858576896,3000
3,0,63,30,1.82537843979585,0.0531553987536163,0.883579707296759,123.171924266941,3000
3,0,63,30,-1.39002281538441,0.0531553987536163,0.883579707296759,14.0000670379818,3000
3,0,63,30,1.9854575832535,0.0531553987536163,0.883579707296759,128.607058487511,3000
3,0,63,30,-0.527107658243264,0.0531553987536163,0.883579707296759,43.298447818404,3000
3,0,63,30,-0.811053054805043,0.0531553987536163,0.883579707296759,33.6577081924176,3000
3,0,63,30,0.764872342150743,0.0531553987536163,0.883579707296759,87.1647789391147,3000
3,0,63,30,-0.213186044614103,0.0531553987536163,0.883579707296759,53.9569637746921,3000
3,0,63,30,-0.438391006808549,0.0531553987536163,0.883579707296759,46.3106260305815,3000
3,0,63,30,0.0644413086716891,0.0531553987536163,0.883579707296759,63.3831881773044,3000
3,0,63,30,-0.457456454774494,0.0531553987536163,0.883579707296759,45.6633007986245,3000
3,0,63,30,-0.689691140024704,0.0531553987536163,0.883579707296759,37.7782843140094,3000
3,0,63,30,0.950445208803029,0.0531553987536163,0.883579707296759,93.4654962978246,3000
3,0,63,30,1.68018252561714,0.0531553987536163,0.883579707296759,118.242117267766,3000
3,0,63,30,0.566638764183673,0.0531553987536163,0.883579707296759,80.4341950541514,3000
3,0,63,30,0.914746838796437,0.0531553987536163,0.883579707296759,92.2534368861454,3000
3,0,63,30,0.675043683547684,0.0531553987536163,0.883579707296759,84.1148449763525,3000
3,0,63,30,-0.952452337948311,0.0531553987536163,0.883579707296759,28.8568074256084,3000
3,0,63,30,0.532008282279314,0.0531553987536163,0.883579707296759,79.2583934274829,3000
3,0,63,30,-1.63406325752463,0.0531553987536163,0.883579707296759,5.71421211878589,3000
3,0,63,30,-0.508711161400074,0.0531553987536163,0.883579707296759,43.9230602905308,3000
3,0,63,30,1.01215026703091,0.0531553987536163,0.883579707296759,95.5605554436484,3000
3,0,63,30,-0.468082164335832,0.0531553987536163,0.883579707296759,45.3025282681921,3000
3,0,63,30,-0.393407582653137,0.0531553987536163,0.883579707296759,47.8379389753197,3000
3,0,63,30,-0.520767362787392,0.0531553987536163,0.883579707296759,43.5137185654633,3000
3,0,63,30,-0.246357601362815,0.0531553987536163,0.883579707296759,52.8306967336506,3000
3,0,63,30,-0.257469390735609,0.0531553987536163,0.883579707296759,52.4534204353938,3000
3,0,63,30,-0.285269897516768,0.0531553987536163,0.883579707296759,51.5095155487748,3000
3,0,63,30,-0.494474910566107,0.0531553987536163,0.883579707296759,44.4064207859022,3000
3,0,63,30,0.576862329184969,0.0531553987536163,0.883579707296759,80.7813136530803,3000
3,0,63,30,-0.000548023571758579,0.0531553987536163,0.883579707296759,61.1766187515892,3000
3,0,63,30,-0.774238337193285,0.0531553987536163,0.883579707296759,34.9076707246397,3000
3,0,63,30,0.399030311482573,0.0531553987536163,0.883579707296759,74.7434197460396,3000
3,0,63,30,-0.406959950209528,0.0531553987536163,0.883579707296759,47.3777982281588,3000
3,0,63,30,0.795173300766082,0.0531553987536163,0.883579707296759,88.1935811523765,3000
3,0,63,30,-1.46574958832445,0.0531553987536163,0.883579707296759,11.4289314975884,3000
3,0,63,30,-0.617897060994315,0.0531553987536163,0.883579707296759,40.215893907264,3000
3,0,63,30,0.213940544248581,0.0531553987536163,0.883579707296759,68.4591049624784,3000
3,0,63,30,0.822691996602376,0.0531553987536163,0.883579707296759,89.1279177699687,3000
3,0,63,30,2.13529634023511,0.0531553987536163,0.883579707296759,133.694502973081,3000
3,0,63,30,1.89484416379117,0.0531553987536163,0.883579707296759,125.530479700763,3000
3,0,63,30,0.937056020355957,0.0531553987536163,0.883579707296759,93.0108959373873,3000
3,0,63,30,-0.499079789912448,0.0531553987536163,0.883579707296759,44.2500722649375,3000
3,0,63,30,-0.0671385599616311,0.0531553987536163,0.883579707296759,58.9156839709478,3000
3,0,63,30,0.298107755778214,0.0531553987536163,0.883579707296759,71.3168169776333,3000
3,0,63,30,0.272531713809018,0.0531553987536163,0.883579707296759,70.4484388870778,3000
3,0,63,30,0.6934378332469,0.0531553987536163,0.883579707296759,84.7393777563829,3000
3,0,63,30,-0.249771215045097,0.0531553987536163,0.883579707296759,52.7147950106677,3000
3,0,63,30,-0.58128321627426,0.0531553987536163,0.883579707296759,41.459036243525,3000
3,0,63,30,1.32685664494042,0.0531553987536163,0.883579707296759,106.245716340077,3000
3,0,63,30,0.893734910825691,0.0531553987536163,0.883579707296759,91.5400232190855,3000
3,0,63,30,-0.328174402661672,0.0531553987536163,0.883579707296759,50.0527877134502,3000
3,0,63,30,1.1944872491316,0.0531553987536163,0.883579707296759,101.751405479981,3000
3,0,63,30,0.814055476681842,0.0531553987536163,0.883579707296759,88.8346837861229,3000
3,0,63,30,-0.188673007926802,0.0531553987536163,0.883579707296759,54.789249865631,3000
3,0,63,30,1.10143772837077,0.0531553987536163,0.883579707296759,98.5921142470879,3000
3,0,63,30,-0.587334664479298,0.0531553987536163,0.883579707296759,41.2535726677413,3000
3,0,63,30,-0.798987386767636,0.0531553987536163,0.883579707296759,34.0673713367078,3000
3,0,63,30,-0.294757573789489,0.0531553987536163,0.883579707296759,51.1873824284337,3000
3,0,63,30,0.491447532536348,0.0531553987536163,0.883579707296759,77.8812426370786,3000
3,0,63,30,0.939084150998149,0.0531553987536163,0.883579707296759,93.0797566397816,3000
3,0,63,30,0.0983832276674335,0.0531553987536163,0.883579707296759,64.5356111692126,3000
3,0,63,30,1.17782737707042,0.0531553987536163,0.883579707296759,101.185756271756,3000
3,0,63,30,-0.325478703262979,0.0531553987536163,0.883579707296759,50.1443142404777,3000
3,0,63,30,-2.24066758383904,0.0531553987536163,0.883579707296759,-14.8816997600735,3000
3,0,63,30,1.06837289784628,0.0531553987536163,0.883579707296759,97.4694708595779,3000
3,0,63,30,0.869143577325029,0.0531553987536163,0.883579707296759,90.7050787325525,3000
3,0,63,30,-0.962067909291648,0.0531553987536163,0.883579707296759,28.5303319102498,3000
3,0,63,30,-1.31518059879483,0.0531553987536163,0.883579707296759,16.5411694186111,3000
3,0,63,30,-0.224681064904095,0.0531553987536163,0.883579707296759,53.5666757159556,3000
3,0,63,30,-1.05747526227713,0.0531553987536163,0.883579707296759,25.2909856849712,3000
3,0,63,30,-0.598694381154207,0.0531553987536163,0.883579707296759,40.8678785448082,3000
3,0,63,30,0.192470619040323,0.0531553987536163,0.883579707296759,67.7301410094488,3000
3,0,63,30,0.010268604454985,0.0531553987536163,0.883579707296759,61.5438734973948,3000
3,0,63,30,-0.559710529704397,0.0531553987536163,0.883579707296759,42.1914892319213,3000
3,0,63,30,-0.310370212106315,0.0531553987536163,0.883579707296759,50.6572897320568,3000
3,0,63,30,-0.648721030232366,0.0531553987536163,0.883579707296759,39.1693340219418,3000
3,0,63,30,-0.458931833627311,0.0531553987536163,0.883579707296759,45.6132075640029,3000
3,0,63,30,-0.958788389960652,0.0531553987536163,0.883579707296759,28.6416807553143,3000
3,0,63,30,0.858577348333353,0.0531553987536163,0.883579707296759,90.3463257336633,3000
3,0,63,30,0.580701347758762,0.0531553987536163,0.883579707296759,80.9116590608151,3000
3,0,63,30,0.914564587830296,0.0531553987536163,0.883579707296759,92.2472489565913,3000
3,0,63,30,1.37411854043585,0.0531553987536163,0.883579707296759,107.850389753414,3000
3,0,63,30,-0.628651974491097,0.0531553987536163,0.883579707296759,39.8507345421961,3000
3,0,63,30,-0.278256153836861,0.0531553987536163,0.883579707296759,51.7476517448187,3000
3,0,63,30,-0.560434074437962,0.0531553987536163,0.883579707296759,42.1669228664563,3000
3,0,63,30,-0.0766099404752745,0.0531553987536163,0.883579707296759,58.5941041371616,3000
3,0,63,30,0.708657768666693,0.0531553987536163,0.883579707296759,85.2561370920978,3000
3,0,63,30,0.255961612217344,0.0531553987536163,0.883579707296759,69.885837637134,3000
3,0,63,30,1.16930347580612,0.0531553987536163,0.883579707296759,100.896346005974,3000
3,0,63,30,-0.792851857617978,0.0531553987536163,0.883579707296759,34.275689695504,3000
3,0,63,30,0.71362458833231,0.0531553987536163,0.883579707296759,85.4247744982514,3000
3,0,63,30,-0.660473096273762,0.0531553987536163,0.883579707296759,38.7703185416967,3000
3,0,63,30,0.501148483121101,0.0531553987536163,0.883579707296759,78.2106170162537,3000
3,0,63,30,0.223146915945153,0.0531553987536163,0.883579707296759,68.7716870064257,3000
3,0,63,30,-0.399906726919871,0.0531553987536163,0.883579707296759,47.6172748672694,3000
3,0,63,30,0.41146558156009,0.0531553987536163,0.883579707296759,75.1656319123499,3000
3,0,63,30,-1.37214805936243,0.0531553987536163,0.883579707296759,14.6069649513576,3000
3,0,63,30,0.348446309249992,0.0531553987536163,0.883579707296759,73.0259515262,3000
3,1,56,22,-2.42076677802821,-0.180176994685304,1.1316696719808,12.4422583250245,3001
3,1,56,22,-1.40546850958437,-0.180176994685304,1.1316696719808,32.1799631153879,3001
3,1,56,22,0.788587607417373,-0.180176994685304,1.1316696719808,74.8330762712359,3001
3,1,56,22,0.0806220690140391,-0.180176994685304,1.1316696719808,61.0700125164112,3001
3,1,56,22,-0.182251920205368,-0.180176994685304,1.1316696719808,55.9596628216063,3001
3,1,56,22,-1.58522738087225,-0.180176994685304,1.1316696719808,28.6853964001631,3001
3,1,56,22,-0.719856147794952,-0.180176994685304,1.1316696719808,45.5084743698833,3001
3,1,56,22,1.24301274830749,-0.180176994685304,1.1316696719808,83.6672381712221,3001
3,1,56,22,0.443492601898491,-0.180176994685304,1.1316696719808,68.1243252024486,3001
3,1,56,22,-0.476311201752848,-0.180176994685304,1.1316696719808,50.2430616311537,3001
3,1,56,22,-0.208097069131469,-0.180176994685304,1.1316696719808,55.4572253255312,3001
3,1,56,22,-0.155879009012906,-0.180176994685304,1.1316696719808,56.4723601754363,3001
3,1,56,22,-1.65767695251665,-0.180176994685304,1.1316696719808,27.2769548596322,3001
3,1,56,22,-0.182419158111301,-0.180176994685304,1.1316696719808,55.9564116662369,3001
3,1,56,22,1.86204790573886,-0.180176994685304,1.1316696719808,95.701468477715,3001
3,1,56,22,-0.602113654254391,-0.180176994685304,1.1316696719808,47.7974239830318,3001
3,1,56,22,0.194880029376658,-0.180176994685304,1.1316696719808,63.2912217528289,3001
3,1,56,22,0.0923142663661252,-0.180176994685304,1.1316696719808,61.2973123620416,3001
3,1,56,22,0.743016278084506,-0.180176994685304,1.1316696719808,73.9471558740159,3001
3,1,56,22,-0.685430828931619,-0.180176994685304,1.1316696719808,46.1777129593276,3001
3,1,56,22,-0.0732659700285875,-0.180176994685304,1.1316696719808,58.078382588738,3001
3,1,56,22,-0.292991870759722,-0.180176994685304,1.1316696719808,53.8068447577172,3001
3,1,56,22,0.523198370665152,-0.180176994685304,1.1316696719808,69.6738294052053,3001
3,1,56,22,0.336881380517441,-0.180176994685304,1.1316696719808,66.0517708798804,3001
3,1,56,22,2.19114324103366,-0.180176994685304,1.1316696719808,102.099181128097,3001
3,1,56,22,-2.09444017884295,-0.180176994685304,1.1316696719808,18.7861459097379,3001
3,1,56,22,1.27306156163043,-0.180176994685304,1.1316696719808,84.2513961719818,3001
3,1,56,22,0.989207149211233,-0.180176994685304,1.1316696719808,78.7331807175622,3001
3,1,56,22,-0.839640770465903,-0.180176994685304,1.1316696719808,43.1798251500555,3001
3,1,56,22,-0.549024631239997,-0.180176994685304,1.1316696719808,48.8294906145183,3001
3,1,56,22,-2.2160900129724,-0.180176994685304,1.1316696719808,16.421236416172,3001
4,0,101,31,-0.527750203348328,0.399578379485897,0.802370543381197,65.1721816622031,4000
4,0,101,31,0.753434123252953,0.399578379485897,0.802370543381197,114.671399264675,4000
4,0,101,31,1.05538947895309,0.399578379485897,0.802370543381197,126.337600253633,4000
4,0,101,31,0.337280764404283,0.399578379485897,0.802370543381197,98.5930994931695,4000
4,0,101,31,-1.53878274935769,0.399578379485897,0.802370543381197,26.1104175124192,4000
4,0,101,31,1.11149031800027,0.399578379485897,0.802370543381197,128.50508512058,4000
4,0,101,31,0.74580086960041,0.399578379485897,0.802370543381197,114.376484570734,4000
4,0,101,31,1.05517637114456,0.399578379485897,0.802370543381197,126.329366723478,4000
4,0,101,31,-0.412651019300097,0.399578379485897,0.802370543381197,69.6190980338576,4000
4,0,101,31,1.34839170838278,0.399578379485897,0.802370543381197,137.657892588948,4000
4,0,101,31,0.264567581325111,0.399578379485897,0.802370543381197,95.7837881418885,4000
4,0,101,31,-0.616170454622258,0.399578379485897,0.802370543381197,61.7560196257191,4000
4,0,101,31,0.428972090824957,0.399578379485897,0.802370543381197,102.135641205958,4000
4,0,101,31,1.42451745711413,0.399578379485897,0.802370543381197,140.599050175226,4000
4,0,101,31,-0.4617090702866,0.399578379485897,0.802370543381197,67.7237149180057,4000
4,0,101,31,0.345621564523309,0.399578379485897,0.802370543381197,98.9153506099668,4000
4,0,101,31,0.129254213726119,0.399578379485897,0.802370543381197,90.5558863573936,4000
4,0,101,31,1.13855581844819,0.399578379485897,0.802370543381197,129.550774697305,4000
4,0,101,31,-0.238728240238975,0.399578379485897,0.802370543381197,76.338694354249,4000
4,0,101,31,0.594247063973958,0.399578379485897,0.802370543381197,108.521125082309,4000
4,0,101,31,2.17200520596093,0.399578379485897,0.802370543381197,169.478625086592,4000
4,0,101,31,-0.548344876782215,0.399578379485897,0.802370543381197,64.3764958263795,4000
4,0,101,31,0.398223404275279,0.399578379485897,0.802370543381197,100.947649833514,4000
4,0,101,31,0.818898464070853,0.399578379485897,0.802370543381197,117.200647854489,4000
4,0,101,31,-0.347246091997076,0.399578379485897,0.802370543381197,72.146051151864,4000
4,0,101,31,1.08462116165644,0.399578379485897,0.802370543381197,127.466981399637,4000
4,0,101,31,-0.126207120257128,0.399578379485897,0.802370543381197,80.6860058903108,4000
4,0,101,31,0.799336792157847,0.399578379485897,0.802370543381197,116.444872565496,4000
4,1,114,35,-0.176932337079425,0.229024950892721,0.847961382360364,97.2439243406644,4001
4,1,114,35,0.833171323568761,0.229024950892721,0.847961382360364,138.936422204514,4001
4,1,114,35,1.48473086557555,0.229024950892721,0.847961382360364,165.829845000207,4001
4,1,114,35,0.40135295381402,0.229024950892721,0.847961382360364,121.112918380147,4001
4,1,114,35,-0.690324476330181,0.229024950892721,0.847961382360364,76.0534252830785,4001
4,1,114,35,-0.587622021167452,0.229024950892721,0.847961382360364,80.2925168330849,4001
4,1,114,35,-0.714903033595916,0.229024950892721,0.847961382360364,75.038933913311,4001
4,1,114,35,-0.532375124568912,0.229024950892721,0.847961382360364,82.5728581566089,4001
4,1,114,35,-1.11622327374445,0.229024950892721,0.847961382360364,58.4742545571592,4001
4,1,114,35,0.391660424311103,0.229024950892721,0.847961382360364,120.712854721991,4001
4,1,114,35,0.298003258473479,0.229024950892721,0.847961382360364,116.847111691108,4001
4,1,114,35,-0.546705771133818,0.229024950892721,0.847961382360364,81.9813540619583,4001
4,1,114,35,0.0875203493772288,0.229024950892721,0.847961382360364,108.159331832711,4001
4,1,114,35,1.43901307666558,0.229024950892721,0.847961382360364,163.94282202353,4001
4,1,114,35,1.32611322067488,0.229024950892721,0.847961382360364,159.282828016875,4001
4,1,114,35,0.649362994352209,0.229024950892721,0.847961382360364,131.349648023039,4001
4,1,114,35,0.448688631926235,0.229024950892721,0.847961382360364,123.06672048528,4001
4,1,114,35,-0.749690051545689,0.229024950892721,0.847961382360364,73.6030835861972,4001
4,1,114,35,-0.535473667790438,0.229024950892721,0.847961382360364,82.4449643456295,4001
4,1,114,35,1.65815887941562,0.229024950892721,0.847961382360364,172.988166842065,4001
4,1,114,35,0.355802027796558,0.229024950892721,0.847961382360364,119.232782746878,4001
4,1,114,35,0.472147971382404,0.229024950892721,0.847961382360364,124.035015619995,4001
4,1,114,35,0.74732258335777,0.229024950892721,0.847961382360364,135.392975568983,4001
4,1,114,35,1.17454755591861,0.229024950892721,0.847961382360364,153.026884790187,4001
4,1,114,35,-1.19631072645048,0.229024950892721,0.847961382360364,55.1686077399558,4001
4,1,114,35,1.03361309000748,0.229024950892721,0.847961382360364,147.209749234841,4001
5,0,81,31,-1.02579004980171,-0.176368413441138,0.982030549720698,54.1860981975898,5000
5,0,81,31,-0.344604848643775,-0.176368413441138,0.982030549720698,75.689239053953,5000
5,0,81,31,0.661017181988712,-0.176368413441138,0.982030549720698,107.43395713678,5000
5,0,81,31,-0.869824674522454,-0.176368413441138,0.982030549720698,59.1094955756368,5000
5,0,81,31,-1.48434871338368,-0.176368413441138,0.982030549720698,39.7106640320396,5000
5,0,81,31,0.122636708655195,-0.176368413441138,0.982030549720698,90.4387682619676,5000
5,0,81,31,1.35906028990485,-0.176368413441138,0.982030549720698,129.469255683811,5000
5,0,81,31,-1.02007958010154,-0.176368413441138,0.982030549720698,54.3663619997246,5000
5,0,81,31,0.120927745110854,-0.176368413441138,0.982030549720698,90.3848209892584,5000
5,0,81,31,-2.25300477054425,-0.176368413441138,0.982030549720698,15.4463091412931,5000
5,0,81,31,-1.04961300593041,-0.176368413441138,0.982030549720698,53.4340730796342,5000
5,0,81,31,1.42651311388212,-0.176368413441138,0.982030549720698,131.598555575642,5000
5,0,81,31,-0.593620814249425,-0.176368413441138,0.982030549720698,67.8284907951838,5000
5,0,81,31,-0.13678046694321,-0.176368413441138,0.982030549720698,82.2496824480509,5000
5,0,81,31,-0.558662053671441,-0.176368413441138,0.982030549720698,68.9320425922493,5000
5,0,81,31,0.726393501156463,-0.176368413441138,0.982030549720698,109.497707490348,5000
5,0,81,31,0.69543603890431,-0.176368413441138,0.982030549720698,108.520465662087,5000
5,0,81,31,-0.129049736402318,-0.176368413441138,0.982030549720698,82.4937203212473,5000
5,0,81,31,-2.57567585604741,-0.176368413441138,0.982030549720698,5.26047158925088,5000
5,0,81,31,-0.127072933584372,-0.176368413441138,0.982030549720698,82.5561225422105,5000
5,0,81,31,0.873536898514798,-0.176368413441138,0.982030549720698,114.142619320642,5000
5,0,81,31,-0.0692690312364455,-0.176368413441138,0.982030549720698,84.3808325507692,5000
5,0,81,31,-1.05367480542213,-0.176368413441138,0.982030549720698,53.3058532556387,5000
5,0,81,31,1.36837747598539,-0.176368413441138,0.982030549720698,129.763373589388,5000
5,0,81,31,0.262055106209171,-0.176368413441138,0.982030549720698,94.8398231226361,5000
5,0,81,31,0.426972893681245,-0.176368413441138,0.982030549720698,100.045823499191,5000
5,0,81,31,-0.857495840880633,-0.176368413441138,0.982030549720698,59.4986829008225,5000
5,0,81,31,-0.0114233054187013,-0.176368413441138,0.982030549720698,86.2068628110906,5000
5,0,81,31,-0.784308736651181,-0.176368413441138,0.982030549720698,61.8089982283429,5000
5,0,81,31,1.07272633028008,-0.176368413441138,0.982030549720698,120.43048112543,5000
5,0,81,31,0.337450113707637,-0.176368413441138,0.982030549720698,97.2198358759229,5000
5,0,81,31,0.229257690201439,-0.176368413441138,0.982030549720698,93.804499021437,5000
5,0,81,31,-0.417307991044447,-0.176368413441138,0.982030549720698,73.3942010685646,5000
5,0,81,31,0.295561300229312,-0.176368413441138,0.982030549720698,95.8975213937538,5000
5,0,81,31,0.321344871290053,-0.176368413441138,0.982030549720698,96.7114377256951,5000
5,0,81,31,-0.319555922226517,-0.176368413441138,0.982030549720698,76.4799646776679,5000
5,0,81,31,1.51323980400045,-0.176368413441138,0.982030549720698,134.336278342447,5000
5,0,81,31,0.687103324433498,-0.176368413441138,0.982030549720698,108.257424814052,5000
5,0,81,31,-0.822728980534954,-0.176368413441138,0.982030549720698,60.5961769360361,5000
5,0,81,31,-0.261997539296149,-0.176368413441138,0.982030549720698,78.2969243143604,5000
5,0,81,31,-0.796043960422947,-0.176368413441138,0.982030549720698,61.4385495319879,5000
5,0,81,31,-2.01025853275761,-0.176368413441138,0.982030549720698,23.10913935928,5000
5,0,81,31,-1.5651666834742,-0.176368413441138,0.982030549720698,37.1594632842435,5000
5,0,81,31,1.32414472820929,-0.176368413441138,0.982030549720698,128.367067556496,5000
5,0,81,31,-1.71430999557699,-0.176368413441138,0.982030549720698,32.4514196531146,5000
5,0,81,31,1.20687072570021,-0.176368413441138,0.982030549720698,124.665050263027,5000
5,0,81,31,-0.150849547772894,-0.176368413441138,0.982030549720698,81.8055603116833,5000
5,0,81,31,0.143104942326535,-0.176368413441138,0.982030549720698,91.0848940306537,5000
5,0,81,31,-0.106852697992842,-0.176368413441138,0.982030549720698,83.1944196944892,5000
5,0,81,31,-0.882780381893903,-0.176368413441138,0.982030549720698,58.7005195731803,5000
5,1,67,23,-0.00272338067690394,-0.165699840448871,1.08381880334912,70.4585657336559,5001
5,1,67,23,-0.992630604141141,-0.165699840448871,1.08381880334912,49.451487733789,5001
5,1,67,23,-0.910962448707313,-0.165699840448871,1.08381880334912,51.1845888473457,5001
5,1,67,23,0.323371146967147,-0.165699840448871,1.08381880334912,77.3787023031976,5001
5,1,67,23,0.755767825824706,-0.165699840448871,1.08381880334912,86.5547044015118,5001
5,1,67,23,-0.381573060607444,-0.165699840448871,1.08381880334912,62.4188983912214,5001
5,1,67,23,0.269556523399556,-0.165699840448871,1.08381880334912,76.2366882153908,5001
5,1,67,23,0.694727428689576,-0.165699840448871,1.08381880334912,85.2593502982523,5001
5,1,67,23,0.317257893454754,-0.165699840448871,1.08381880334912,77.2489713644553,5001
5,1,67,23,-1.75373915045386,-0.165699840448871,1.08381880334912,33.2998058187875,5001
5,1,67,23,-0.633328013995456,-0.165699840448871,1.08381880334912,57.0763412128153,5001
5,1,67,23,0.210675198093812,-0.165699840448871,1.08381880334912,74.9871523355489,5001
5,1,67,23,1.43828489058651,-0.165699840448871,1.08381880334912,101.038576097605,5001
5,1,67,23,-0.612542394162552,-0.165699840448871,1.08381880334912,57.5174382436839,5001
5,1,67,23,-0.362796303675891,-0.165699840448871,1.08381880334912,62.8173648213029,5001
5,1,67,23,0.0587168855480441,-0.165699840448871,1.08381880334912,71.762405562608,5001
5,1,67,23,0.137429773309739,-0.165699840448871,1.08381880334912,73.432792174212,5001
5,1,67,23,1.27292481664048,-0.165699840448871,1.08381880334912,97.5294270691819,5001
5,1,67,23,-0.255483974811039,-0.165699840448871,1.08381880334912,65.094667592084,5001
5,1,67,23,-0.939247928212003,-0.165699840448871,1.08381880334912,50.5843353487004,5001
5,1,67,23,-0.930814309156365,-0.165699840448871,1.08381880334912,50.7633073666062,5001
5,1,67,23,-1.32192642351971,-0.165699840448871,1.08381880334912,42.4634157218409,5001
5,1,67,23,-0.852275811324213,-0.165699840448871,1.08381880334912,52.4299932042735,5001
5,1,67,23,-0.470391644205324,-0.165699840448871,1.08381880334912,60.5340561865663,5001
5,1,67,23,2.08520367975429,-0.165699840448871,1.08381880334912,114.767007552088,5001
5,1,67,23,-0.0931798289922666,-0.165699840448871,1.08381880334912,68.5389659769213,5001
5,1,67,23,-1.07270279163852,-0.165699840448871,1.08381880334912,47.7522550698522,5001
5,1,67,23,-2.61590942839242,-0.165699840448871,1.08381880334912,15.0034666786007,5001
5,1,67,23,0.42357393569029,-0.165699840448871,1.08381880334912,79.50513167821,5001
5,1,67,23,1.32716954090357,-0.165699840448871,1.08381880334912,98.6805684354285,5001
5,1,67,23,-2.49534753998394,-0.165699840448871,1.08381880334912,17.5619417897783,5001
5,1,67,23,-0.785430335455189,-0.165699840448871,1.08381880334912,53.8485383893512,5001
5,1,67,23,-1.10837962649149,-0.165699840448871,1.08381880334912,46.9951477018284,5001
5,1,67,23,-0.118232613261367,-0.165699840448871,1.08381880334912,68.0073143425257,5001
5,1,67,23,0.953258830800693,-0.165699840448871,1.08381880334912,90.7457122530193,5001
5,1,67,23,2.19464784293948,-0.165699840448871,1.08381880334912,117.089550532041,5001
5,1,67,23,-1.40458237931731,-0.165699840448871,1.08381880334912,40.7093522405004,5001
5,1,67,23,-0.829691115464141,-0.165699840448871,1.08381880334912,52.9092688942472,5001
5,1,67,23,-0.19036607594885,-0.165699840448871,1.08381880334912,66.4765514173159,5001
5,1,67,23,-0.108563892606371,-0.165699840448871,1.08381880334912,68.2124967718928,5001
5,1,67,23,-2.53015800970472,-0.165699840448871,1.08381880334912,16.8232197809852,5001
5,1,67,23,-0.00196912842730553,-0.165699840448871,1.08381880334912,70.4745719163196,5001
5,1,67,23,-0.0866970731199374,-0.165699840448871,1.08381880334912,68.6765382211035,5001
5,1,67,23,0.647117145335297,-0.165699840448871,1.08381880334912,84.2490001236986,5001
5,1,67,23,-0.828854603146087,-0.165699840448871,1.08381880334912,52.9270207391643,5001
5,1,67,23,0.193164819491561,-0.165699840448871,1.08381880334912,74.6155600485289,5001
5,1,67,23,0.134329743051863,-0.165699840448871,1.08381880334912,73.3670056278715,5001
5,1,67,23,1.74604138174752,-0.165699840448871,1.08381880334912,107.569556437519,5001
5,1,67,23,-0.167561114870002,-0.165699840448871,1.08381880334912,66.9605014126404,5001
5,1,67,23,1.38984967979671,-0.165699840448871,1.08381880334912,100.010719923931,5001
